128.289000 -0.001014 -0.000699 0.099998 -0.000015 0.709447 -0.704758 0.000023
170.192000 0.002635 -0.242637 0.100048 -0.009829 0.709374 -0.704697 0.009737
171.242000 0.007310 -0.425373 0.100002 0.009201 -0.705784 0.708307 -0.009233
173.393000 0.002678 -0.448385 0.099999 0.222975 0.673518 -0.669026 -0.221497
174.393000 -0.052896 -0.458268 0.099996 -0.489126 -0.508730 0.510734 0.491020
175.473000 -0.226573 -0.464202 0.100001 -0.522118 -0.474145 0.476592 0.524823
176.523000 -0.302034 -0.405307 0.100002 -0.654471 -0.271931 0.270695 0.651495
177.528000 -0.387937 -0.321006 0.100002 -0.675032 -0.208173 0.208648 0.676359
178.580000 -0.385900 -0.312167 0.100001 -0.684153 0.186938 -0.185797 0.680051
179.640000 -0.385994 -0.311340 0.100001 -0.355144 0.614176 -0.610084 0.352786
180.690000 -0.388467 -0.366854 0.100001 -0.030629 -0.705177 0.707702 0.030738
181.690000 -0.404843 -0.557039 0.100001 0.031858 0.707256 -0.705524 -0.031780
182.840000 -0.423603 -0.775593 0.100002 -0.014152 -0.706276 0.707654 0.014160
183.920000 -0.382030 -0.918589 0.100001 0.231566 -0.666667 0.669261 -0.232427
184.971000 -0.292807 -0.987951 0.099998 -0.380096 0.597249 -0.595841 0.379202
185.974000 -0.273700 -1.004586 0.099999 0.289399 -0.643340 0.646383 -0.290777
186.974000 -0.192576 -1.062772 0.100003 -0.331630 0.625984 -0.623682 0.330434
187.974000 -0.184309 -1.089175 0.100001 0.074710 -0.701749 0.704518 -0.074980
188.974000 -0.163610 -1.203665 0.100002 0.065213 -0.702060 0.706086 -0.065586
191.174000 -0.135004 -1.356347 0.099998 -0.068169 0.705327 -0.702325 0.067869
192.249000 -0.097186 -1.557357 0.100002 0.066948 -0.703883 0.703976 -0.066957
193.279000 -0.068989 -1.720541 0.099998 0.016717 -0.705622 0.708193 -0.016770
194.329000 -0.068447 -1.734246 0.100000 0.026570 0.708695 -0.704520 -0.026412
195.380000 -0.093630 -1.836750 0.100002 0.088496 0.702421 -0.700700 -0.088279
196.431000 -0.140010 -2.029507 0.100001 -0.084283 -0.700754 0.703338 0.084592
197.533000 -0.187624 -2.232063 0.100001 -0.082615 -0.700304 0.704164 0.083074
198.585000 -0.223977 -2.418732 0.100002 -0.006393 -0.705226 0.708925 0.006428
201.819000 -0.212862 -2.635140 0.100033 0.079585 -0.701457 0.703758 -0.079684
202.822000 -0.133160 -2.785857 0.100001 0.317050 -0.630504 0.632996 -0.318215
203.828000 0.049980 -2.804699 0.100002 -0.603093 0.366841 -0.368183 0.605102
204.828000 0.134726 -2.715334 0.100001 -0.679427 0.188082 -0.189212 0.683522
205.829000 0.216517 -2.574959 0.100086 -0.682851 0.183128 -0.182981 0.683152
206.829000 0.245629 -2.405331 0.100000 -0.688530 -0.158919 0.159194 0.689441
207.837000 0.164638 -2.337233 0.100000 -0.562417 -0.432383 0.429560 0.558757
210.989000 -0.008537 -2.292537 0.100000 -0.556795 -0.432212 0.434963 0.560339
267.388000 -0.254932 -2.226063 0.100001 -0.564145 -0.422687 0.425298 0.567625
268.388000 -0.406247 -2.182565 0.100001 -0.584692 -0.393471 0.396072 0.588594
269.391000 -0.428607 -2.159658 0.099997 -0.708761 0.030045 -0.029832 0.704177
270.428000 -0.374572 -2.125286 0.100002 -0.617931 0.343177 -0.343444 0.618416
271.480000 -0.280928 -2.021249 0.100002 -0.702493 0.067772 -0.068038 0.705182
272.555000 -0.264190 -1.821151 0.100000 -0.706008 0.026053 -0.026099 0.707243
273.682000 -0.248393 -1.606427 0.100001 -0.706464 0.027454 -0.027458 0.706683
274.688000 -0.233583 -1.415516 0.100002 -0.705184 0.028840 -0.028946 0.707846
275.742000 -0.217573 -1.214563 0.099996 -0.705007 0.029236 -0.029361 0.707989
276.797000 -0.200942 -1.011292 0.100000 -0.705243 0.029868 -0.029965 0.707702
277.872000 -0.176814 -0.733220 0.100002 -0.705073 0.031110 -0.031227 0.707763
278.872000 -0.146483 -0.371573 0.099998 -0.704381 0.029823 -0.029995 0.708560
279.924000 -0.136440 -0.246332 0.100002 -0.705131 0.029689 -0.029805 0.707828
281.054000 -0.123152 -0.097788 0.100001 -0.707106 0.032644 -0.032573 0.705602
282.133000 -0.073077 0.443341 0.100017 -0.706182 0.031595 -0.031550 0.706621
283.161000 -0.026558 1.020971 0.100002 -0.705797 0.026761 -0.026823 0.707400
284.237000 0.015879 1.626992 0.100052 -0.707172 0.024214 -0.023977 0.706220
285.294000 0.053101 2.221702 0.100002 -0.708934 0.022430 -0.022293 0.704566
286.371000 0.045778 2.728079 0.100001 -0.703530 -0.061997 0.062147 0.705223
287.472000 0.009258 2.946648 0.100001 -0.703457 -0.060474 0.060657 0.705558
289.475000 -0.071294 3.396220 0.099986 -0.705968 -0.061342 0.061137 0.702929
290.575000 -0.175270 3.879485 0.099992 -0.700188 -0.104854 0.104571 0.698432
291.637000 -0.223621 4.036481 0.100000 -0.648748 -0.287168 0.285255 0.644430
292.714000 -0.229217 4.031416 0.099999 -0.125012 -0.694169 0.697647 0.125659
293.739000 -0.271760 3.808241 0.100016 0.112255 0.698464 -0.697828 -0.112169
294.790000 -0.299294 3.785986 0.099997 -0.540943 -0.456445 0.455595 0.539882
295.841000 -0.657035 3.928989 0.100000 -0.579074 -0.403433 0.404985 0.581294
296.848000 -1.177303 4.083113 0.100000 -0.554036 -0.436406 0.438673 0.556920
297.923000 -1.611616 4.121079 0.100004 -0.496208 -0.501048 0.503795 0.498919
298.973000 -1.748339 4.110169 0.100002 -0.434532 -0.555735 0.558342 0.436573
300.026000 -2.052314 4.030405 0.100146 0.432009 0.561299 -0.559041 -0.431028
301.027000 -2.587485 3.911014 0.099999 0.447450 0.548164 -0.547400 -0.446832
302.077000 -3.138623 3.811397 0.100000 -0.433643 -0.555938 0.559155 0.436157
303.128000 -3.425890 3.707267 0.100001 -0.283983 -0.645686 0.648833 0.285410
304.131000 -3.522568 3.568063 0.100000 -0.080191 -0.700802 0.704239 0.080581
305.260000 -3.682474 3.013893 0.099999 -0.071478 -0.701980 0.704957 0.071769
306.363000 -3.819565 2.412704 0.099998 -0.054003 -0.703383 0.706676 0.054274
307.440000 -3.933907 1.817035 0.100000 -0.044126 -0.705626 0.705831 0.044132
308.541000 -4.033498 1.203043 0.100001 -0.034819 -0.704908 0.707581 0.034947
309.591000 -4.122794 0.658812 0.100002 -0.074729 -0.700902 0.705335 0.075201
310.623000 -4.256705 0.440554 0.100111 -0.272308 -0.651733 0.653189 0.272832
315.838000 -4.514435 0.226054 0.100001 0.409967 0.577004 -0.575812 -0.409187
316.890000 -4.575355 0.239970 0.100000 -0.709370 -0.011375 0.011293 0.704654
317.940000 -4.628239 0.218407 0.100001 0.479397 -0.517801 0.519902 -0.481418
319.050000 -4.307580 0.081333 0.100167 -0.404704 0.580611 -0.579182 0.404541
320.126000 -4.011565 -0.085133 0.100210 -0.276985 0.650673 -0.650297 0.277520
321.177000 -3.832195 -0.379688 0.100009 0.116728 -0.695818 0.698921 -0.117135
322.252000 -3.928808 -0.701318 0.100001 -0.207151 -0.675464 0.676596 0.207498
323.327000 -4.064323 -0.893167 0.100001 -0.161333 -0.686972 0.689780 0.162003
324.379000 -4.114610 -0.914760 0.100001 0.403599 0.583432 -0.579610 -0.400957
325.429000 -4.189588 -0.927310 0.100000 0.357793 0.612634 -0.608561 -0.355412
328.637000 -4.670603 -1.158458 0.100001 -0.390609 -0.586646 0.590497 0.393171
329.644000 -5.095990 -1.266237 0.100001 -0.419261 -0.567574 0.569949 0.420996
330.674000 -5.255190 -1.370842 0.100007 -0.184104 -0.681313 0.683936 0.184794
331.724000 -5.335311 -1.472760 0.100001 0.101806 0.700159 -0.699339 -0.101676
332.724000 -5.365103 -1.475192 0.100001 0.402917 0.582890 -0.580424 -0.401254
334.775000 -5.449485 -1.494157 0.100001 0.273423 0.654660 -0.650302 -0.271603
335.825000 -5.551717 -1.654365 0.100002 -0.140572 -0.691198 0.694642 0.141271
336.926000 -5.778652 -2.212456 0.100002 -0.094222 -0.700406 0.701182 0.094322
337.977000 -5.938967 -2.770872 0.100025 -0.068200 -0.702332 0.705267 0.068389
339.077000 -6.074801 -3.373459 0.100119 0.054921 0.706835 -0.703160 -0.054163
340.179000 -6.188288 -3.969586 0.100001 -0.054665 -0.703666 0.706297 0.054864
341.179000 -6.297716 -4.310648 0.100001 -0.086860 -0.700224 0.703230 0.087228
342.188000 -6.356016 -4.415056 0.099997 0.095592 0.701988 -0.699289 -0.095235
343.223000 -6.424385 -4.480655 0.100001 -0.174154 -0.683267 0.687127 0.175138
344.275000 -6.682656 -4.952549 0.100162 0.131694 0.696703 -0.693017 -0.130339
345.326000 -6.872659 -5.482577 0.100002 0.063043 0.704611 -0.703980 -0.062940
346.452000 -6.896708 -5.826449 0.100000 0.123466 -0.695186 0.697228 -0.123881
347.454000 -6.804285 -5.967094 0.100001 0.290914 -0.642291 0.645938 -0.292568
348.479000 -6.480203 -6.237177 0.100000 0.348127 -0.612753 0.616863 -0.350458
349.531000 -6.016164 -6.467224 0.100001 0.405127 -0.578646 0.579854 -0.405968
350.556000 -5.517445 -6.621321 0.100000 0.435317 -0.555304 0.557678 -0.437186
351.706000 -5.057376 -6.673877 0.100001 -0.544846 0.450933 -0.450738 0.544644
352.831000 -4.976003 -6.634239 0.100001 -0.705431 0.075551 -0.075052 0.700733
353.881000 -5.052207 -6.574671 0.100000 -0.668524 -0.232524 0.232060 0.667200
354.906000 -5.135717 -6.517606 0.100000 -0.635614 -0.315169 0.313061 0.631392
355.981000 -5.187859 -6.515604 0.100002 0.242835 0.666614 -0.662171 -0.241217
357.032000 -5.232303 -6.533914 0.099999 -0.264899 0.657518 -0.654212 0.263640
358.085000 -5.195793 -6.480337 0.100001 -0.647682 0.277829 -0.279676 0.651998
359.085000 -5.014655 -6.249792 0.100001 -0.684107 0.171843 -0.172698 0.687490
360.135000 -5.053606 -6.068139 0.100002 -0.670602 -0.219321 0.220278 0.673549
361.189000 -5.103193 -6.046963 0.100002 -0.707284 -0.055621 0.055250 0.702569
362.190000 -5.136479 -6.046523 0.099997 -0.581350 0.406620 -0.403956 0.577505
363.240000 -5.137203 -6.047510 0.100001 0.487184 -0.510641 0.512586 -0.489031
364.290000 -5.127581 -6.051897 0.100000 0.415280 -0.569714 0.573114 -0.417744
365.392000 -4.670850 -6.207900 0.100001 -0.425995 0.566010 -0.563928 0.424437
366.420000 -4.159038 -6.331998 0.099997 0.446634 -0.547915 0.548244 -0.446919
367.424000 -3.644108 -6.425667 0.100000 -0.459091 0.538840 -0.537639 0.458073
368.477000 -3.123042 -6.495617 0.100001 0.492411 -0.505097 0.507543 -0.494782
369.527000 -2.827629 -6.476922 0.100000 -0.518923 0.479715 -0.480279 0.519542
370.533000 -2.797709 -6.471416 0.100001 -0.557361 0.436283 -0.435417 0.556254
371.634000 -2.497329 -6.377071 0.100002 -0.555624 0.436257 -0.437046 0.556734
372.634000 -2.246288 -6.393909 0.099998 0.272544 -0.652223 0.652681 -0.272640
373.686000 -2.231392 -6.782217 0.100001 0.010855 -0.705604 0.708439 -0.010901
374.786000 -2.246490 -7.403582 0.100001 0.010633 -0.705535 0.708515 -0.010680
375.840000 -2.236825 -7.991940 0.100001 0.008558 -0.705896 0.708212 -0.008586
376.917000 -2.229132 -8.593879 0.100001 0.007435 -0.705397 0.708734 -0.007468
377.942000 -2.219751 -9.146711 0.100001 0.035167 -0.705095 0.707361 -0.035286
379.071000 -2.139410 -9.468936 0.100001 0.208886 -0.673871 0.676917 -0.209876
380.122000 -2.088423 -9.506235 0.100001 -0.548637 0.449821 -0.446824 0.544983
381.249000 -2.075285 -9.504017 0.100000 -0.681458 0.197368 -0.196061 0.676920
382.274000 -2.069449 -9.504560 0.100000 -0.589999 0.393990 -0.391376 0.586087
383.330000 -1.903818 -9.454103 0.100001 -0.570839 0.413787 -0.416210 0.574189
384.437000 -1.402262 -9.361990 0.100004 0.441737 -0.551829 0.552280 -0.441973
385.542000 -1.249747 -9.481577 0.100000 0.101902 -0.697706 0.701657 -0.102469
386.572000 -1.236184 -9.493948 0.100002 0.250559 0.663751 -0.659325 -0.248889
387.572000 -1.236093 -9.505846 0.100001 -0.624740 -0.335954 0.333840 0.620794
388.573000 -1.259202 -9.512207 0.100001 0.415353 0.575173 -0.571343 -0.412584
389.573000 -1.282710 -9.568391 0.100025 -0.096610 -0.698061 0.702792 0.097269
390.573000 -1.328699 -9.606523 0.100002 -0.350128 -0.613008 0.614973 0.351340
391.623000 -1.428097 -9.625733 0.100000 0.420473 0.571318 -0.567666 -0.417796
392.699000 -1.499788 -9.647970 0.100001 -0.351680 -0.610825 0.614764 0.353947
393.774000 -1.978925 -9.877632 0.100001 -0.395149 -0.583624 0.587416 0.397722
394.778000 -2.524632 -10.041282 0.099998 -0.431175 -0.558127 0.561003 0.433426
395.809000 -3.108476 -10.162760 0.100001 -0.449871 -0.542750 0.546061 0.452610
396.884000 -3.728140 -10.261335 0.100001 -0.459071 -0.535492 0.538182 0.461370
397.885000 -4.311685 -10.334694 0.100131 0.466357 0.534433 -0.530776 -0.463864
398.888000 -4.691552 -10.429411 0.100630 0.301164 0.643503 -0.636265 -0.300619
399.946000 -4.792404 -10.496284 0.100001 0.458688 0.541217 -0.537640 -0.455667
400.996000 -4.814240 -10.501565 0.100002 -0.706307 -0.066893 0.066447 0.701599
402.098000 -4.853932 -10.498176 0.099999 -0.568940 -0.422871 0.420755 0.566086
403.123000 -4.888391 -10.484553 0.100001 -0.065461 0.706436 -0.701737 0.065024
404.124000 -4.798663 -10.578037 0.099997 0.316080 -0.630357 0.633820 -0.317830
405.124000 -4.587719 -10.728852 0.100011 0.494437 -0.503779 0.505601 -0.496092
406.208000 -4.637639 -10.744661 0.099998 -0.705462 -0.075222 0.074709 0.700774
407.291000 -4.713284 -10.723626 0.100001 -0.557489 -0.438376 0.435781 0.554191
408.341000 -5.199908 -10.617031 0.100002 -0.549737 -0.442294 0.444213 0.552123
409.341000 -5.776788 -10.511835 0.099999 -0.542001 -0.453134 0.453959 0.542979
410.342000 -6.361178 -10.423539 0.100000 -0.534474 -0.462004 0.462827 0.535426
411.374000 -6.968353 -10.347093 0.100001 -0.528754 -0.467532 0.469250 0.530695
412.374000 -7.559025 -10.284661 0.100002 -0.525936 -0.471506 0.472520 0.527066
413.374000 -7.963627 -10.207205 0.099999 -0.564182 -0.422609 0.425242 0.567689
414.400000 -8.078890 -10.165157 0.100000 -0.707506 0.052666 -0.052324 0.702798
415.481000 -8.114505 -10.167551 0.100001 -0.661998 0.255098 -0.253417 0.657620
416.485000 -8.148950 -10.153428 0.100000 -0.686067 -0.176187 0.175572 0.683700
417.485000 -8.362974 -9.868557 0.100001 -0.682634 -0.175131 0.176308 0.687209
418.535000 -8.605166 -9.359295 0.100002 -0.698026 -0.112960 0.112974 0.698023
419.535000 -8.768436 -8.945100 0.099999 -0.690647 -0.142605 0.143356 0.694348
420.639000 -8.886265 -8.762531 0.100000 -0.672678 -0.212808 0.213778 0.675659
421.689000 -8.934417 -8.746308 0.100000 -0.599247 -0.379715 0.377238 0.595324
422.741000 -8.981979 -8.743622 0.099998 0.459292 0.540720 -0.537127 -0.456254
423.795000 -9.104369 -8.741751 0.100002 -0.522960 -0.479432 0.476236 0.519477
424.845000 -9.255435 -8.729982 0.100001 -0.524354 -0.471152 0.474056 0.527579
425.926000 -9.880345 -8.666339 0.100001 -0.523211 -0.473139 0.475408 0.525715
426.928000 -10.476480 -8.612779 0.100000 -0.521681 -0.476203 0.477236 0.522805
428.028000 -11.128687 -8.559733 0.100002 -0.519839 -0.478480 0.479268 0.520698
429.028000 -11.722958 -8.515404 0.100001 -0.517841 -0.480111 0.481390 0.519228
430.029000 -12.278913 -8.469078 0.100139 -0.554396 -0.440612 0.439685 0.552434
431.104000 -12.483037 -8.323874 0.100014 -0.705534 0.073575 -0.073073 0.701049
432.184000 -12.464674 -8.271864 0.099999 -0.594229 0.387392 -0.384943 0.590457
433.288000 -12.499963 -8.252968 0.100000 -0.669847 -0.233330 0.231868 0.665657
434.340000 -12.584226 -8.160927 0.100000 -0.705911 -0.061638 0.061440 0.702933
435.341000 -12.578126 -8.162279 0.100000 -0.582619 0.404843 -0.402143 0.578738
436.391000 -12.576899 -8.157017 0.100002 -0.617064 0.350098 -0.347771 0.612959
437.393000 -12.571802 -8.129081 0.100001 -0.693750 -0.130556 0.130988 0.696066
438.523000 -12.773588 -7.822856 0.100000 -0.683830 -0.170857 0.171945 0.688200
439.573000 -12.803050 -7.529164 0.100001 -0.666630 0.231395 -0.232422 0.669358
440.631000 -12.763293 -7.488929 0.100000 -0.569522 0.423062 -0.420239 0.565740
441.659000 -12.777493 -7.496007 0.100000 -0.690073 0.159185 -0.158637 0.687963
442.722000 -12.809340 -7.405677 0.100001 -0.694541 -0.121146 0.121861 0.698632
443.824000 -12.987267 -6.855152 0.100001 -0.700037 -0.093411 0.093642 0.701751
444.824000 -13.138710 -6.322457 0.100002 -0.702154 -0.070082 0.070373 0.705065
445.825000 -13.263803 -5.779835 0.100002 -0.703652 -0.053248 0.053470 0.706527
446.832000 -13.344382 -5.410855 0.100003 -0.703744 -0.044934 0.045176 0.707591
447.865000 -13.391084 -5.303790 0.099999 -0.707525 -0.047592 0.047317 0.703494
453.147000 -13.429417 -5.267579 0.099999 -0.690363 0.159484 -0.158825 0.687560
455.328000 -13.345106 -4.990351 0.100001 -0.693257 0.137570 -0.137704 0.693907
456.433000 -13.274606 -4.525659 0.100002 -0.705405 0.026845 -0.026936 0.707784
457.438000 -13.295492 -4.358342 0.100001 -0.705148 0.027400 -0.027505 0.707996
459.471000 -13.298321 -4.033725 0.100002 -0.704610 0.036224 -0.036382 0.707735
460.522000 -13.274427 -3.443069 0.100001 -0.705578 0.032976 -0.033045 0.707093
461.573000 -13.256466 -2.853001 0.099999 -0.704957 0.029698 -0.029828 0.708000
462.573000 -13.245423 -2.289517 0.099999 -0.707070 0.026280 -0.026259 0.706167
463.573000 -13.238310 -1.727202 0.100000 -0.705138 0.025510 -0.025617 0.708148
464.574000 -13.232760 -1.162902 0.100002 -0.708110 0.024215 -0.024121 0.705275
465.598000 -13.226148 -0.588206 0.100001 -0.704579 0.024368 -0.024505 0.708783
466.626000 -13.221117 -0.008389 0.100036 -0.707715 0.023747 -0.023554 0.705706
467.627000 -13.216947 0.555863 0.100000 -0.706042 0.023466 -0.023506 0.707391
468.633000 -13.214047 1.122230 0.100044 -0.707356 0.023042 -0.022908 0.706110
469.634000 -13.211369 1.684922 0.100002 -0.706164 0.022955 -0.022994 0.707303
470.634000 -13.209796 2.248218 0.100055 -0.707434 0.021941 -0.021746 0.706104
471.638000 -13.209438 2.812434 0.100001 -0.706405 0.021492 -0.021513 0.707154
472.645000 -13.209347 3.380224 0.100001 -0.706721 0.020978 -0.020979 0.706870
473.695000 -13.208251 3.970764 0.100092 -0.709362 0.021973 -0.021619 0.704170
474.821000 -13.202957 4.602871 0.100000 -0.707579 0.022589 -0.022530 0.705914
475.874000 -13.200445 5.196297 0.100001 -0.707402 0.021853 -0.021817 0.706137
476.924000 -13.198420 5.786248 0.100001 -0.705435 0.021660 -0.021749 0.708110
477.975000 -13.196339 6.379882 0.100000 -0.705071 0.021717 -0.021818 0.708468
478.976000 -13.172832 6.835902 0.100001 -0.699948 0.086424 -0.086872 0.703603
479.980000 -13.157675 7.046084 0.100008 -0.700210 0.082977 -0.083441 0.704173
481.037000 -13.190631 7.059309 0.100002 -0.667636 0.240012 -0.238411 0.663186
482.092000 -13.177013 7.073461 0.099998 -0.586111 0.391777 -0.394113 0.589626
483.093000 -13.191459 7.081898 0.099998 -0.615696 0.352476 -0.350135 0.611624
485.093000 -12.734268 7.347575 0.100002 -0.589003 0.387369 -0.389718 0.592571
486.175000 -12.305346 7.464248 0.100002 -0.523618 0.473170 -0.475002 0.525650
487.275000 -12.114933 7.486162 0.100000 -0.525031 0.473491 -0.473638 0.525182
488.276000 -11.648540 7.543437 0.100001 -0.524789 0.471965 -0.473713 0.526728
489.279000 -11.121528 7.597249 0.100001 -0.520594 0.476202 -0.478313 0.522906
490.330000 -10.563865 7.642863 0.100001 -0.517597 0.482778 -0.481828 0.516585
491.381000 -10.005460 7.679813 0.100001 -0.515597 0.485899 -0.484018 0.513604
492.434000 -9.475575 7.713770 0.100001 -0.534083 0.463746 -0.463454 0.533766
493.434000 -9.211747 7.764736 0.100001 -0.541226 0.452333 -0.454574 0.543904
494.459000 -9.190591 7.773425 0.100000 -0.613520 0.356276 -0.353909 0.609434
495.538000 -9.215467 7.795887 0.099999 -0.683533 0.190029 -0.188779 0.678994
496.577000 -9.199899 7.812809 0.100000 -0.516527 0.481152 -0.482785 0.518278
497.627000 -8.746895 7.853426 0.100058 -0.524728 0.475409 -0.474283 0.523166
498.727000 -8.398526 7.928844 0.100042 -0.579593 0.403897 -0.404840 0.580554
499.757000 -8.353303 7.975244 0.100002 -0.663944 0.249030 -0.247617 0.660188
500.787000 -8.298712 8.075773 0.100001 -0.659801 0.249002 -0.250331 0.663321
501.890000 -8.032489 8.479806 0.100001 -0.681706 0.183237 -0.183858 0.684030
502.940000 -7.888362 8.812514 0.100415 -0.662716 0.250074 -0.248426 0.660723
503.940000 -7.734869 8.879519 0.100001 0.480928 -0.515435 0.518580 -0.483850
504.941000 -7.285787 8.847585 0.099999 -0.513293 0.485142 -0.486259 0.514510
505.966000 -7.083433 8.888090 0.100005 -0.580155 0.400161 -0.402790 0.583996
507.046000 -7.076410 8.908782 0.100002 -0.620222 0.340268 -0.339957 0.619655
508.046000 -6.772345 9.115898 0.099998 -0.601564 0.369862 -0.370831 0.603165
509.071000 -6.400540 9.232217 0.100001 -0.536462 0.458833 -0.460376 0.538270
510.123000 -6.277883 9.255247 0.100000 -0.536433 0.460140 -0.460606 0.536985
511.184000 -6.033195 9.302939 0.100002 -0.544857 0.453666 -0.451240 0.541941
512.191000 -5.516791 9.387335 0.100002 -0.533831 0.466050 -0.464023 0.531512
513.271000 -4.953132 9.460052 0.100000 -0.526814 0.470947 -0.471587 0.527524
514.397000 -4.514914 9.458076 0.100002 0.425109 -0.562155 0.565837 -0.427894
515.474000 -4.396215 9.310222 0.100001 0.158552 -0.686926 0.691050 -0.159509
516.475000 -4.334571 9.141805 0.100001 0.270265 -0.651405 0.654834 -0.271699
517.480000 -4.333788 9.120748 0.099998 -0.513743 0.488874 -0.486008 0.510752
518.491000 -4.373210 9.121811 0.100002 -0.445677 0.552009 -0.548331 0.442709
519.519000 -4.180100 9.069039 0.099999 0.431864 -0.558284 0.560308 -0.433437
520.519000 -3.882797 8.958905 0.100001 0.288523 -0.643025 0.647246 -0.290423
521.544000 -3.834099 8.851758 0.099998 0.202017 0.680086 -0.675570 -0.200692
522.644000 -3.838511 8.843047 0.100001 0.423870 0.568923 -0.565138 -0.421046
523.644000 -3.839399 8.838779 0.100001 0.282642 0.650731 -0.646401 -0.280765
524.644000 -3.906288 8.749036 0.100002 -0.227654 -0.667409 0.671075 0.228905
525.673000 -4.133369 8.387202 0.100002 -0.097950 -0.698296 0.702206 0.098464
526.677000 -4.144920 8.357606 0.100000 -0.482843 0.519274 -0.516430 0.480122
527.677000 -4.103697 8.371237 0.100002 -0.649065 0.286433 -0.284530 0.644759
528.677000 -4.105714 8.360673 0.100000 -0.482123 0.519028 -0.517116 0.480373
529.727000 -3.674961 8.283904 0.100002 0.456711 -0.537123 0.540251 -0.459394
530.778000 -3.170873 8.200459 0.100004 -0.431405 0.562154 -0.559762 0.429581
531.830000 -3.010357 8.045647 0.100000 0.041097 -0.704342 0.707466 -0.041305
532.933000 -3.059715 7.865849 0.100002 -0.013503 -0.706831 0.707126 0.013464
533.933000 -3.091355 7.792852 0.100002 -0.101147 0.701525 -0.698211 0.100668
534.934000 -3.083297 7.658931 0.099999 0.106871 -0.696975 0.700896 -0.107470
536.034000 -2.957080 7.087682 0.100001 0.082553 -0.702243 0.702299 -0.082559
537.036000 -2.877661 6.587783 0.100001 0.111267 -0.696442 0.700056 -0.111846
538.139000 -2.814377 6.370593 0.100001 0.213359 -0.672746 0.675296 -0.214164
539.189000 -2.831256 6.347208 0.100002 -0.149593 0.693515 -0.688896 0.148598
540.189000 -2.863006 6.343864 0.099998 -0.089770 0.703683 -0.699156 0.089175
541.240000 -2.891721 6.315259 0.100002 0.050697 -0.703438 0.707112 -0.050962
542.342000 -2.841793 5.820906 0.100002 0.056193 -0.703711 0.706014 -0.056372
543.394000 -2.792094 5.243155 0.100002 0.046822 -0.703233 0.707849 -0.047123
544.525000 -2.736025 4.802160 0.100000 0.093244 -0.699151 0.702645 -0.093717
545.578000 -2.729232 4.649544 0.100000 -0.092868 0.701036 -0.700930 0.092845
546.629000 -2.620175 4.171186 0.099998 0.091593 -0.700485 0.701790 -0.091777
547.638000 -2.531503 3.633312 0.100000 0.070864 -0.703175 0.703910 -0.070952
548.688000 -2.462327 3.063422 0.100002 0.056956 -0.703103 0.706489 -0.057231
549.688000 -2.481726 2.658876 0.100001 -0.084761 -0.699663 0.704277 0.085324
550.789000 -2.570522 2.570428 0.100002 0.438761 0.557205 -0.553882 -0.436149
